68475275
44145689
27386777
35347092
94781519
46310336
96903586
91669983
20923575
90425177
83314641
56461385
72172613
98573854
70768009
72888130
89844369
13416754
37731610
24719583
79473079
76427209
94775925
79981971
74254045
97670756
79239428
54657009
23176183
8154514
2409995
68483923
47677202
33614150
53687269
85604828
54907723
41367148
87575192
1330632
91310638
93577038
43537386
67721072
65726653
48542429
78409085
68526436
49679290
12129287
6439315
38538866
87837796
79691367
76889300
50773822
35199421
36307398
52920708
83067107
30999375
77094561
44938787
5925327
57461995
51687375
39020942
87067040
29717872
60521591
60190149
86548965
20070043
33832416
62618845
5879264
49607740
86111612
81517305
18010514
84057072
36583907
56208124
41465036
94637449
78918402
38884266
38607840
32038003
29958584
34268171
72510130
93465695
84116129
95495120
36622535
65688563
79560676
65106831
89785194
